1 0 clueweb22-en0005-71-00418 1
1 0 clueweb22-en0014-04-09336 0
1 0 clueweb22-en0022-71-00970 1
1 0 clueweb22-en0014-25-09120 0
1 0 clueweb22-en0024-41-12825 0
2 0 clueweb12-0802wb-65-08425 1
2 0 clueweb12-1905wb-41-16705 2
2 0 clueweb12-0100tw-05-18091 0
2 0 clueweb12-0105wb-59-11047 0
2 0 clueweb12-0007wb-43-19721 0
2 0 clueweb12-1610wb-67-18047 0
3 0 clueweb12-1006wb-54-19777 2
3 0 clueweb12-1505wb-99-21339 2
3 0 clueweb12-0207wb-55-21198 1
3 0 clueweb12-0311wb-83-05984 0
3 0 clueweb12-0311wb-83-05984 1
3 0 clueweb12-1018wb-28-14921 0
4 0 clueweb12-0411wb-12-07234 1
4 0 clueweb12-1008wb-71-13775 1
4 0 clueweb12-1909wb-69-11843 2
4 0 clueweb12-1706wb-39-29284 1
4 0 clueweb12-0906wb-94-01443 2
4 0 clueweb12-0009wb-94-05683 1
4 0 clueweb12-0203wb-90-30205 1
4 0 clueweb12-1717wb-09-03158 1
4 0 clueweb12-1901wb-14-11557 1
4 0 clueweb12-0818wb-25-15936 2
5 0 clueweb12-0408wb-45-09909 2
5 0 clueweb12-0814wb-97-06365 1
5 0 clueweb12-0408wb-59-07104 1
5 0 clueweb12-0814wb-97-06366 1
6 0 clueweb12-0400wb-16-22053 0
6 0 clueweb12-0000wb-36-04503 0
6 0 clueweb12-0000wb-36-04503 0
6 0 clueweb12-0202wb-58-26661 0
6 0 clueweb12-0106wb-30-23034 0
7 0 clueweb12-1303wb-69-10412 2
7 0 clueweb12-0208wb-64-13294 0
7 0 clueweb12-0111wb-17-25254 0
7 0 clueweb12-0911wb-14-22991 0
8 0 clueweb12-0011wb-43-11910 2
8 0 clueweb12-0909wb-96-22212 2
8 0 clueweb12-0809wb-09-10566 2
8 0 clueweb12-0000wb-32-16007 2
8 0 clueweb12-0112wb-53-06115 1
8 0 clueweb12-1516wb-75-20941 1
8 0 clueweb12-0512wb-18-05491 1
9 0 clueweb12-0108wb-97-15529 2
9 0 clueweb12-0000wb-69-20326 2
9 0 clueweb12-1012wb-73-03792 1
9 0 clueweb12-1209wb-91-28095 1
9 0 clueweb12-1315wb-85-21096 1
9 0 clueweb12-0303wb-44-14325 1
9 0 clueweb12-0405wb-50-04588 2
9 0 clueweb12-0809wb-19-22406 1
9 0 clueweb12-1714wb-27-02590 1
9 0 clueweb12-0603wb-82-19709 1
10 0 clueweb12-0410wb-99-04919 2
10 0 clueweb12-1809wb-89-12769 2
10 0 clueweb12-0403wb-01-12785 2
10 0 clueweb12-1015wb-56-24768 2
10 0 clueweb12-0804wb-90-18855 1
10 0 clueweb12-1504wb-50-01212 1
10 0 clueweb12-0915wb-70-06852 1
10 0 clueweb12-0908wb-09-17506 2
10 0 clueweb12-0502wb-96-04430 1
11 0 clueweb12-1011wb-47-21200 2
11 0 clueweb12-0403wb-82-18690 2
11 0 clueweb12-0915wb-81-12127 1
11 0 clueweb12-0706wb-33-12589 2
11 0 clueweb12-1200tw-90-00436 2
11 0 clueweb12-0712wb-45-04785 1
11 0 clueweb12-0308wb-66-03137 0
11 0 clueweb12-1409wb-67-17803 1
11 0 clueweb12-1504wb-26-05860 2
20 0 clueweb22-en0041-37-00460 2
20 0 clueweb22-en0027-37-15110 2
20 0 clueweb22-en0041-15-15388 2
20 0 clueweb22-en0015-12-19131 2
20 0 clueweb22-en0011-79-08044 2
20 0 clueweb22-en0001-54-05041 1
20 0 clueweb22-en0020-65-11676 1
20 0 clueweb22-en0024-09-06042 1
20 0 clueweb22-en0012-99-14039 1
20 0 clueweb22-en0023-36-06642 1
20 0 clueweb22-en0031-11-07607 1
20 0 clueweb22-en0028-53-13178 1
21 0 clueweb22-en0030-43-17218 1
21 0 clueweb22-en0011-54-13884 1
21 0 clueweb22-en0034-92-11578 1
21 0 clueweb22-en0010-23-12047 2
21 0 clueweb22-en0009-14-10983 1
21 0 clueweb22-en0026-05-02341 1
21 0 clueweb22-en0027-30-10516 1
21 0 clueweb22-en0010-23-12047 2
22 0 clueweb22-en0035-21-15726 2
22 0 clueweb22-en0009-94-03715 2
22 0 clueweb22-en0020-44-00142 1
22 0 clueweb22-en0018-78-17046 1
22 0 clueweb22-en0006-65-00692 1
22 0 clueweb22-en0010-53-11725 1
22 0 clueweb22-en0034-86-12785 0
22 0 clueweb22-en0015-63-19016 0
22 0 clueweb22-en0032-67-02355 0
